X, Y

1, 25.46
2, 16.65
3, 12.68
4, 10.10
5, 9.52
6, 7.54
7, 6.71
8, 6.16
9, 6.01
10, 5.12
11, 4.90
12, 4.52
13, 4.35
14, 4.32
15, 4.15
16, 4.12
17, 4.17
18, 4.14
19, 4.08
20, 4.01
21, 3.97
22, 3.89
23, 3.79
24, 3.77
25, 3.80
26, 3.73
27, 3.70
28, 3.80
29, 3.78
30, 3.72
31, 3.68
32, 3.70
33, 3.67
34, 3.65
35, 3.69
36, 3.75
37, 3.68
38, 3.66
39, 3.68
40, 3.74
41, 3.66
42, 3.67
43, 3.68
44, 3.62
45, 3.66
46, 3.65
47, 3.62
48, 3.63
49, 3.59
50, 3.68
51, 3.61
52, 3.66
53, 3.63
54, 3.62
55, 3.69
56, 3.61
57, 3.61
58, 3.62
59, 3.58
60, 3.66
61, 3.61
62, 3.63
63, 3.62
64, 3.61
65, 3.67
66, 3.63
67, 3.63
68, 3.64
69, 3.71
70, 3.70
71, 3.67
72, 3.60
73, 3.61
74, 3.65
75, 3.60
76, 3.62
77, 3.68
78, 3.68
79, 3.66
80, 3.64
81, 3.64
82, 3.62
83, 3.62
84, 3.64
85, 3.63
86, 3.62
87, 3.62
88, 3.62
89, 3.61
90, 3.62
91, 3.61
92, 3.61
93, 3.63
94, 3.62
95, 3.63
96, 3.61
97, 3.63
98, 3.60
99, 3.61
100, 3.60
