X, Y

1, 25.64
2, 17.29
3, 12.05
4, 10.66
5, 8.89
6, 7.70
7, 7.03
8, 6.51
9, 5.87
10, 5.35
11, 4.94
12, 4.90
13, 4.79
14, 4.27
15, 4.25
16, 4.17
17, 4.26
18, 3.95
19, 3.97
20, 3.96
21, 3.97
22, 3.85
23, 3.75
24, 3.80
25, 3.85
26, 3.76
27, 3.71
28, 3.63
29, 3.73
30, 3.68
31, 3.64
32, 3.64
33, 3.65
34, 3.62
35, 3.63
36, 3.62
37, 3.67
38, 3.67
39, 3.65
40, 3.67
41, 3.64
42, 3.60
43, 3.65
44, 3.63
45, 3.63
46, 3.61
47, 3.57
48, 3.61
49, 3.63
50, 3.65
51, 3.61
52, 3.66
53, 3.65
54, 3.60
55, 3.66
56, 3.60
57, 3.59
58, 3.65
59, 3.64
60, 3.64
61, 3.62
62, 3.58
63, 3.62
64, 3.63
65, 3.60
66, 3.63
67, 3.71
68, 3.62
69, 3.61
70, 3.59
71, 3.58
72, 3.58
73, 3.60
74, 3.58
75, 3.60
76, 3.59
77, 3.58
78, 3.62
79, 3.60
80, 3.59
81, 3.61
82, 3.58
83, 3.60
84, 3.59
85, 3.60
86, 3.59
87, 3.60
88, 3.80
89, 3.64
90, 3.69
91, 3.60
92, 3.59
93, 3.61
94, 3.61
95, 3.60
96, 3.58
97, 3.58
98, 3.59
99, 3.60
100, 3.59
